path_to_pickup:

[
-12.05, -8.30;
-10.50, -9.00;
-8.00, -10.00;
-6.00, -10.50;
-4.00, -10.80;
-2.00, -10.90;
0.00, -10.95;
2.00, -10.95;
4.00, -10.90;
6.00, -10.85;
8.00, -10.85;
10.00, -10.90;
12.00, -10.92;
14.00, -10.92;
16.00, -10.50;
18.00, -9.00;
19.50, -7.50;
20.50, -5.50;
21.00, -4.00;
21.50, -3.00;
21.80, -1.50;
22.00, 0.00;
22.10, 2.00;
22.15, 4.00;
22.15, 6.00;
22.15, 8.00;
22.15, 10.00;
22.15, 12.00;
22.15, 14.00;
22.15, 16.00;
22.15, 18.00;
22.10, 20.00;
22.10, 22.00;
22.10, 24.00;
22.10, 26.00;
22.10, 28.00;
22.05, 30.00;
22.00, 32.00;
21.90, 34.00;
21.70, 36.00;
21.40, 38.00;
21.00, 40.00;
20.50, 41.50;
19.80, 43.00;
18.80, 44.00;
17.50, 44.50;
16.00, 44.80;
14.00, 44.90;
12.00, 44.92;
10.00, 44.92;
8.00, 44.92;
6.00, 44.92;
4.00, 44.92;
2.00, 44.92;
1.25, 44.50;
1.25, 43.95
]


path_to_dropoff:

[
1.25, 43.95;
0.00, 44.92;
-2.00, 44.92;
-4.00, 44.92;
-6.00, 44.92;
-8.00, 44.92;
-10.00, 44.92;
-12.00, 44.92;
-14.00, 44.92;
-16.00, 44.50;
-17.50, 43.00;
-18.50, 41.00;
-19.20, 39.00;
-19.70, 37.00;
-19.95, 35.00;
-20.05, 33.00;
-20.08, 31.00;
-20.08, 29.00;
-20.08, 27.00;
-20.08, 25.00;
-20.08, 23.00;
-20.08, 21.00;
-20.08, 19.00;
-19.50, 17.00;
-19.00, 15.00;
-18.40, 13.00;
-17.60, 11.50;
-16.50, 10.00;
-15.00, 9.00;
-13.00, 8.40;
-11.00, 8.20;
-9.05, 8.00
]


path_to_hub:

[
-9.05, 8.00;
-7.00, 7.50;
-5.00, 7.20;
-3.00, 7.10;
-1.00, 6.00;
0.00, 4.50;
0.00, 2.50;
0.00, 0.50;
0.00, -1.50;
0.00, -3.50;
0.50, -5.50;
1.00, -7.00;
1.50, -8.50;
1.20, -10.00;
0.00, -10.50;
-2.00, -10.70;
-4.00, -10.50;
-6.00, -10.00;
-8.00, -9.50;
-10.00, -8.80;
-11.00, -8.50;
-12.05, -8.30
]
