path_to_pickup:

[
-12.05, -8.30;
-11.0, -9.2;
-9.5, -10.0;
-7.5, -10.5;
-5.0, -10.8;
-2.5, -10.9;
0.0, -11.0;
2.5, -11.0;
5.0, -11.0;
7.5, -11.0;
10.0, -10.9;
12.5, -10.8;
15.0, -10.5;
17.0, -9.8;
18.5, -8.5;
19.5, -6.5;
20.2, -4.0;
20.8, -1.0;
21.2, 2.0;
21.5, 5.0;
21.7, 8.0;
21.8, 11.0;
21.8, 14.0;
21.8, 17.0;
21.5, 20.0;
21.0, 23.0;
20.0, 26.0;
18.5, 28.5;
16.5, 30.5;
14.0, 32.0;
11.0, 33.0;
8.0, 34.5;
5.0, 36.5;
3.0, 38.5;
2.0, 40.5;
1.5, 42.0;
1.25, 43.95
]


path_to_dropoff:

[
1.25, 43.95;
0.0, 44.5;
-3.0, 44.8;
-6.0, 44.9;
-9.0, 44.9;
-12.0, 44.8;
-15.0, 44.0;
-17.0, 42.0;
-18.5, 39.0;
-19.5, 35.0;
-20.0, 31.0;
-20.2, 27.0;
-20.2, 23.0;
-20.0, 19.0;
-19.5, 15.0;
-18.5, 12.0;
-17.0, 10.0;
-15.0, 8.5;
-12.5, 8.2;
-10.0, 8.0;
-9.05, 8.00
]


path_to_hub:

[
-9.05, 8.0;
-8.91, 7.88;
-7.97, 7.77;
-6.81, 7.78;
-5.98, 7.78;
-4.62, 7.89;
-2.42, 7.8;
0.33, 6.76;
0.13, 5.61;
0.13, 3.94;
0.44, 2.9;
0.23, 1.44;
0.5, -1.27;
0.61, -2.32;
1.33, -4.59;
2.58, -8.95;
3.0, -9.57;
3.73, -9.77;
4.88, -10.2;
8.0, -11.2;
12.0, -11.3;
16.47, -10.17;
19.15, -8.38;
19.98, -7.54;
20.48, -6.7;
21.61, -2.55;
21.61, -1.52;
21.72, -1.2;
21.72, 0.28;
21.61, 0.96;
21.2, 6.96;
21.1, 7.69;
20.59, 9.24;
20.28, 10.06;
19.55, 10.16;
19.15, 10.47;
15.96, 11.91;
14.51, 11.8;
12.85, 11.49;
11.3, 11.28;
10.06, 11.28;
7.89, 11.27;
5.39, 11.57;
2.79, 11.46;
-1.27, 11.25;
-2.74, 11.24;
-4.09, 11.03;
-5.14, 10.81;
-8.28, 10.8;
-9.65, 10.9;
-11.01, 10.9;
-11.75, 10.89;
-15.54, 11.2;
-16.49, 10.36;
-17.55, 9.09;
-17.87, 8.35;
-18.17, 8.36;
-19.55, 4.16;
-18.07, 0.29;
-17.87, -1.3;
-17.66, -2.03;
-17.13, -3.39;
-16.49, -4.53;
-15.65, -5.26;
-14.59, -7.14;
-13.64, -8.48;
-13.34, -8.71;
-12.05, -8.3
]
