path_to_pickup:

[
-12.05, -8.3;
-11.97, -9.74;
-11.65, -9.93;
-10.28, -10.45;
-9.65, -10.74;
-9.44, -10.84;
-8.81, -10.84;
-8.07, -10.83;
-7.87, -10.84;
-7.13, -11.04;
-6.61, -11.03;
-5.98, -11.13;
-5.45, -11.22;
-4.41, -11.32;
-2.53, -11.4;
-1.48, -11.29;
0.96, -11.19;
1.65, -10.62;
2.27, -11.04;
2.79, -11.35;
4.04, -11.44;
5.6, -11.42;
6.95, -11.31;
8.09, -11.29;
9.23, -11.38;
10.16, -11.36;
11.82, -11.36;
12.96, -11.33;
13.37, -11.33;
14.92, -10.9;
15.64, -10.68;
16.98, -10.25;
17.6, -10.05;
18.84, -9.42;
19.76, -8.77;
20.08, -7.75;
20.48, -6.81;
21.2, -5.96;
21.72, -5.14;
21.82, -3.8;
21.82, -2.25;
21.82, -1.2;
21.82, 0.25;
21.82, 0.96;
21.82, 2.93;
21.92, 4.06;
22.13, 5.21;
22.23, 7.38;
22.53, 11.0;
22.65, 14.31;
22.65, 17.62;
22.65, 20.52;
22.53, 23.31;
22.13, 25.28;
22.03, 27.45;
22.03, 30.97;
22.03, 33.44;
22.03, 35.72;
22.03, 37.69;
22.03, 39.86;
22.03, 41.72;
22.03, 43.28;
21.97, 43.73;
21.52, 43.81;
21.2, 44.0;
19.86, 44.02;
18.84, 44.04;
16.98, 44.55;
15.13, 44.79;
13.27, 45.22;
11.2, 45.24;
9.23, 45.25;
8.3, 45.05;
7.16, 44.43;
6.54, 44.33;
5.6, 44.35;
4.88, 44.78;
4.04, 44.88;
3.83, 44.88;
1.25, 43.95
]



path_to_dropoff:

[
1.25, 43.95;
0.0, 44.5;
-3.0, 44.8;
-6.0, 44.9;
-9.0, 44.9;
-12.0, 44.8;
-15.0, 44.0;
-17.0, 42.0;
-18.5, 39.0;
-19.5, 35.0;
-20.0, 31.0;
-20.2, 27.0;
-20.2, 23.0;
-20.0, 19.0;
-19.5, 15.0;
-18.5, 12.0;
-17.0, 10.0;
-15.0, 8.5;
-12.5, 8.2;
-10.0, 8.0;
-9.05, 8.00
]


path_to_hub:

[
-9.05, 8;
-8.704, 7.765;
-5.561, 7.465;
1.855, 7.184;
2.376, 17.705;
3, 23.953;
6.743, 28.111;
12.749, 31.52;
20.691, 32.838;
21.095, 42.452;
13.993, 45.107;
5.289, 45.077;
-5.038, 45.805;
-15.858, 43.376;
-19.547, 34.165;
-19.977, 25.253;
-19.872, 14.23;
-19.872, 6.037;
-18.393, -2.563;
-14.173, -7.244;
-11.331, -9.303;
-12.05, -8.3;
]

